0377627103341647600
0047555332635133703
0570574070736102152
0511013576745450615
1216243446624447775
0176452272675511054
0151055342317137706
1127720116046071664
0514407436155575524
0253070462740453542
0573371306324706336
1315135317732077306
1170303027726635012
1637171270537414673
0342370520251732111
0142423551056551362
0641261355426453710
0237176034757345266
1205663360515365064
0725000004121104102
0337367500320303262
1303374445022536530
1033071464007363115
0753124124237073577
0133522075443754772
1244212514312345145
1066056211234322164
0073115240113351010
1102260031574577224
1166703527236520553
0056062273631723177
0141517013160576212
1644007677312431616
0201757033615262622
0357610362675720200
1637504174727237065
1510345507743707753
0540160763721100120
0406415410457500342
0707515543554212732
0140216674314371011
0445414471314273300
0120121661750263177
0477301251340044262
1157040657040363676
1222265021477405004
0314661556545362364
0177320240371640542
0735517310345570340
1367565551220511432
1274167141162675644
1543641015130470077
0640733734534576460
0216312531021205434
0050232164401566177
0702636370401726111
1733537351460015703
1523265651140460620
0607703231502460135
1757246242710445777
0464412467237572274
1050617751566552643
1041606123021052264
1335441345250455042
