0227743641272102303
0603070242564637717
0746325144437416120
0023763714573206044
0155575663373106723
0022277536552741033
0137757627072411730
0413034001670700216
0501123675324707024
0013727517464264567
0663351450332761127
1450710073416110356
1716542347100366110
0743601273016301212
1454332372150500137
1473215015316613621
1255535602164437613
1164537254033266174
1500537251137244274
0766727150471256024
0457637114652202460
0436500136253056124
1666265767713037215
1465272157164065443
0607440357166466472
1670202421463640077
1312661744614412524
1413034001672741216
1113765722434040551
0621573414133237134
0526104310250410535
0426454733176070600
1440644676733136472
0557275325702027456
0657637150553356442
1403560400557766512
1531165662277124403
1403072012721162611
0541210077534050730
1660256422576622574
0646767375467672136
1563301635027210017
1403462012723163611
0767233376550711053
1260555130762307205
0531075060147161624
0112673710551347402
1314750013607403146
0471706447643213002
0770352206645261362
0255127616022236737
1035616240477274125
0251115713566666576
0752241454312660541
0461250256520434602
1116341217327713444
0765232132271554573
0774370107303671123
1407140711055577677
1753355476331367516
0101630163132222775
0730471404057577456
1336743247162047542
0020666576373544533 
