0061727026503255544
1660130752435362260
0676457016477551225
1763467705267605701
1614265052776007236
1446113457553463523
1467417471470124574
0022513456555401603
0004420115402210365
0072276243316574510
1632356715721616750
1670164755420300763
1752127524253360255
0262220014044243135
1476157654546440020
1567545246612304745
0341667641424721673
0627234635353763045
0422600144741165152
1661124176724621030
1225124173720602330
1271773065617322065
0611751161355750124
0121046615341766266
0337423707274604122
0246610305446052270
0427326063324033344
1127467544162733403
0772425336125565156
1652465113031101044
1737622607214524550
1621315362240732407
0171733204500613155
1462031354327077565
1141265411761074755
0665106277260231251
0573123144343776027
0222101406610314705
0140673225434336401
0624233245727625631
0224022145647544263
0222501602610354705
1370337660412244327
0563567347256715524
1407636661116077143
1137431557133151004
1113003456475500265
1746553632646152413
1465416631251321074
0130516430377202712
0762173527246302776
1606732407336425136
1131112010066741562
1107467740060732403
0755500241327076744
1443037764170374631
0243224434357700345
0445504023027564357
1211152271373271472
0256644102553071753
0733312314424771412
1636376400221406415
0574114621235461516
1710717574016037362
