1667217344450257245
0300642746017221737
0474006332201753645
0613606702460402137
1465531713404064713
1063646422557130427
1066060465055002004
0225574416605070652
1733560674073230405
1116277147142260461
0663351450332761127
1110300535412261305
1046105227571557243
1020346561064461527
1270052747201123510
1041553307136735706
1002352163603013730
1362622514254366256
0556645716623157361
0020341533300021636
1470231623730254774
1437100574634755567
0215346037247347710
1074246275146357122
1655552356143710472
1067241424131022656
1611144345044137740
1235122601654653275
0663754302501454556
0330540311241344370
1763277034331577303
1325110610226320770
0632344657312671631
1432530060077160315
1272177170234542346
0043174152003062273
0633575650312403065
0305021033755066410
0137373436464572225
0014331642301151614
0444423305436737401
0232343171540161113
0101411166154322757
0501120665453153342
1042475051720150775
1533531265037673325
0506620200211067675
1324133406103765602
0203136107415235456
1521524233172031026
0164213410044443204
1221110757557452411
0252317630101475044
0014540074363706135
0371711523526255275
0012400567546521471
0312622351062337705
0023647344743400250
0257310611765747211
1540176212407214706
1412637164262406706
0363125736302421243
0414175374460515677
0004500310276201661  
