  10100
  10100
  00110
  10100
  10100
  00110
  10100
  00110
  00110
  00110
  10100
  00110
  10100
  00110
  00110
  10100
  00110
  00110
  00110
  00110
  10100
  10100
  10100
  00110
  10100
  00110
  00110
  00110
  00110
  10100
  10100
  00110
  10100
  00110
  00110
  00110
  10100
  10100
  01100
  00110
  00011
  01100
  10100
  00110
  10100
  10100
  00110
  00110
  00110
  10100
  10100
  10100
  00110
  10100
  00110
  10100
  00110
  00110
  10100
  10010
  10001
  11000
  00110
  10100
