0100110000
0110000010
1110010001
0101110011
1011000110
1010101111
1110001000
0001010000
1011111100
0100010101
1100000100
0111011110
1001110011
1001101010
0001100101
0101101000
0111111011
1001110001
1101011001
0111011110
0011100101
1101000001
0110110001
0011000001
1111100001
0010011011
0110011110
0000111000
0000000101
0000100100
0110101101
1011010001
0001110111
0110100111
0111010101
1110110101
1011110110
1011011010
1100101010
1101101111
1110011111
1000100000
0110000101
0101111101
0011110111
1010001010
1101000011
1101101101
1011101001
0100001100
1001100010
1100110011
0011110101
0100110100
1110011000
1000111100
0100010000
0010011101
1100011010
0010011000
0001001000
0110001110
0110101101
1100011011
