0110111011
0111101000
1100000001
0110110110
0100011000
0011111100
0011111100
1111000101
0011001100
1000011010
0001001001
0110101011
0101110000
0010110011
1110000111
1000000000
1111101101
1111101011
0010001011
0011101000
0011011010
0011111100
0111001100
1000101110
0101000010
0000101010
0000100001
1000010000
1011100100
0110111111
1001110000
1101110101
0101111100
1011001000
1000001100
0001100101
0000000010
0010100011
1111010010
0000100101
0100111011
0110111001
0010011101
1000011010
0010000010
1001001111
1111001111
0010110010
0111111110
0100100011
0100001110
0111101101
1000010010
1001001110
0001011110
1110001001
1110110001
1101111110
0111111000
1010001111
1100110100
0011010010
1101010100
1001110110 
